20712 31077 8820 6976 12000 8346 10934 3108 2465 9026 
23026 9722 20712 
36580 15383 21932 20712 21212 21430 
29363 3205 3477 7713 
44900 36225 9078 43463 99 223 15720 7825 12208 5214 
2926 33016 34671 32104 31265 30526 30354 11124 10416 6313 
26557 26646 28497 29337 29361 29673 30135 30138 31300 31984 
5745 17090 14752 7178 20742 8208 40968 19357 31150 11173 
941 4302 40778 3758 34392 30099 29119 7275 2700 31620 
42513 500 37133 39070 15333 7055 28748 12227 1175 35717 
32654 26512 27025 


6428 25711 8573 14282 4674 8644 24803 23426 2867 6821 
12031 143 290 1395 1966 33623 7655 18077 29026 28626 
31015 6338 8067 23107 28500 28498 29134 29146 29149 29148 
40498 17782 40968 3126 46320 6583 3716 10279 29397 25956 
49008 38099 22468 38195 1176 37396 37576 37655 37862 42170 
4126 19670 26984 26985 515 13039 32298 31908 14838 16492 
2803 5461 201 2641 20204 3635 3760 6126 12471 1242 
23065 
8909 6976 26261 5809 26340 26399 462 

48406 48326 47063 30491 43732 45336 6977 24024 11 2814 

43867 47388 16872 195 428 7156 37856 16219 5605 694 
31828 6751 43745 48827 48991 37133 5321 23 8801 9221 
20 2947 28924 2894 427 24411 8515 24358 8503 8428 
32042 32000 21241 21954 10841 31925 31934 31938 31962 31968 
48530 43834 44782 269 36497 8564 1223 2720 754 772 

31327 31345 31370 31527 31536 31561 31619 39646 39689 39863 
17041 16566 8503 13179 13353 15391 15471 16007 15934 17699 
4582 7347 23990 636 2311 8105 29705 39883 5148 25805 
8690 12035 11849 328 6294 14293 10238 17141 7422 42609 
33591 31782 28437 13490 14820 34083 21286 20508 18438 17463 
50021 49863 49892 49862 49831 49830 49829 49204 49054 49055 

13548 13729 44316 43777 42774 40323 39452 39451 5844 39240 

39352 35127 26541 6484 33016 33978 33979 33980 33981 33982 
7307 34936 33094 32641 19008 8671 24356 32574 15918 22470 
13418 13471 17125 35084 33549 13511 13548 13525 23551 22463 
33117 308 803 26335 5791 7681 19936 12631 

40700 37537 38360 3760 30537 730 17149 21308 39812 20742 


538 1126 26036 7815 774 10932 18044 840 36576 35014 
8028 2507 529 23991 1244 6218 909 2029 1942 7025 
36109 
29026 
19357 10846 10364 134 44836 21815 44063 40728 37133 903 
36518 36204 36130 31370 35983 36030 31327 35915 31175 31561 
15804 7055 2195 2881 3673 475 126 3406 40232 3902 
29687 36561 1244 30568 30537 30540 2452 10089 9195 24001 
30615 16304 25481 
37318 38460 38262 38215 38182 28135 36971 37090 31141 8889 

49974 48991 46779 46936 46491 46840 35165 44023 7038 44196 
40582 38951 39166 39335 39336 
39357 
25751 35165 37144 39436 39513 39504 
50303 50224 49264 49265 49282 49590 49592 48540 48593 41591 

40360 41692 40778 39879 28924 25273 25942 24922 28339 26221 
224 30537 
44473 45263 41108 
7340 
27 9858 5605 15388 618 5745 249 7458 11490 11844 

28748 26643 
10715 9595 33092 27435 26194 49061 44472 47193 9616 303 

45207 10725 8626 7227 43299 43303 43300 43302 43304 43174 
25 7178 8451 8644 17149 24967 
22794 17639 6972 7206 12118 19855 19716 19263 8980 5777 
37396 31859 24721 25 35165 23907 22745 7295 5600 9808 

8503 44731 44934 44730 44409 
8512 28969 4349 45037 35359 26221 1038 41166 43276 38507 


21752 44838 3462 7974 23077 
49401 49399 49400 38933 39351 46096 45438 35251 45145 44023 
45179 702 43734 37665 42183 5876 43 2885 567 2620 
45258 5321 13881 34870 24714 14812 13116 48320 1002 47207 

3929 1481 755 48295 4823 143 48011 47767 10642 2036 
2708 6038 32858 4010 5681 5770 2861 8839 13685 29530 
16018 


17090 1842 
9513 21940 5600 40968 22745 1920 8349 41279 35165 41085 
48827 2375 903 48301 16822 38832 45601 16253 26744 20204 
39654 439 1197 4272 1243 7637 917 29363 50173 955 